0 863 1987 1407 998 1369
863 0 1124 1012 1049 1083
1987 1124 0 1461 1881 1676
1407 1012 1461 0 2061 2095
998 1049 1881 2061 0 331
1369 1083 1676 2095 331 0